1.299548898851776713e+00 1.390460016883214411e+00 3.455102558478324593e-01 6.599219092891057237e+00
5.513397284165371115e-01 7.610040807031086540e-01 6.175107335857028534e-01 6.497945070589214112e+00
1.367037522091133495e+00 1.082208969939225884e+00 1.482022466093597224e+00 9.858919379513032766e+00
6.607566184778126406e-01 5.368034687095388779e-01 1.797299478124144256e+00 1.186773460435291128e+01
1.368608627794219545e+00 5.998897495937591806e-01 1.453339694188825248e+00 1.253867434137199766e+01
2.836877423089589900e-01 7.466378562922548756e-01 1.783405494721685969e-01 3.712263650595283959e+00
1.676703992861183767e-01 6.395116176930850660e-01 1.979345860855317163e-01 2.775898302415301444e+00
9.576244925714574308e-01 6.413409183456117990e-01 1.449304678708332572e+00 1.167240193243123336e+01
1.142020845001290308e+00 4.656318469479929778e-01 1.327998908671364831e+00 1.162869211499517696e+01
1.798925065758683051e+00 6.408169302345720908e-01 1.025257445104754694e-01 6.511322038131507561e+00
9.093990444956230323e-01 1.470173297175052518e-01 1.173052018316995904e+00 1.054753932323335519e+01
2.639680373117418988e-01 8.940011972467920565e-01 4.288688501121709074e-01 4.569750220481735070e+00
8.021342411481615642e-01 1.708470040184274286e+00 1.911791479276678807e-01 4.956329536181135254e+00
1.074041542981132524e+00 7.757809797182391165e-02 9.587338750448772817e-01 9.130981185177670767e+00
2.887977955082721149e-01 6.207694882700789396e-01 9.805721096830581907e-01 5.585996553753674654e+00
1.871302105803974936e+00 8.976441355830933055e-01 6.414800577889221422e-01 9.904190455290423856e+00
1.885335754409584341e+00 1.071266912403368687e+00 8.427649901519704834e-01 9.993346921116437187e+00
6.132063304724781894e-01 1.977114085448926417e+00 5.294924040416293387e-01 4.212434061743651981e+00
3.744247502505368974e-01 9.585551065241262325e-01 6.095200013051016441e-01 5.006620581370872181e+00
1.902189815923573057e+00 4.060396496427425284e-01 1.032881875036390618e+00 1.223517435998869551e+01
7.091479743203747965e-01 3.453112687891051191e-01 3.136596351365508184e-01 5.565714895244155080e+00
7.254215526215483933e-01 1.138645411115924544e+00 6.915468086471725506e-01 6.918028884866021855e+00
1.198592240670193876e+00 1.710621632552484117e+00 1.470663250820115842e+00 8.087398928727907332e+00
4.294666088080349997e-01 1.992569024202454742e+00 1.012442247213496405e+00 4.646484551019836040e+00
1.510003217314466184e-01 1.535589804246767276e+00 1.316054394101698222e+00 5.096666675210792086e+00
1.319259070683810542e+00 1.659909038375968704e+00 9.086961651224259029e-01 8.392762957602295515e+00
6.661739358308835790e-01 9.240057110130051043e-01 1.259996037833150062e+00 7.107917443848728034e+00
5.986515507457101926e-02 1.186372413407255522e+00 1.266190318698683370e+00 5.810652171112565156e+00
8.854146829705467070e-01 7.857574503277542366e-01 9.677010064070750150e-01 6.819838001573112152e+00
1.813111023112371933e+00 3.526868067289039566e-01 2.926141114150975220e-01 8.299314418335733023e+00
1.162671194120926010e+00 5.350836416265414286e-01 7.671565427673912030e-01 8.619426383422302607e+00
6.104583188564778329e-01 1.213754808824590192e+00 1.826735207273034067e+00 9.830041619098476957e+00
3.072876521814253969e-01 2.855229104904550841e-01 1.800056296220800212e+00 1.022453454450113597e+01
1.509373444622024829e+00 5.474743810292292956e-01 1.057901890991796989e-01 5.070509444388603626e+00
1.740892757962338555e+00 1.980986972659146028e+00 3.929826133034675095e-01 5.670537387577025079e+00
1.442304395738182698e+00 1.857905342606103405e+00 1.579741131232889506e+00 9.764870484791691396e+00
1.234124808016852759e+00 6.751166237049579522e-01 1.057520956009679214e+00 1.022725584620009265e+01
1.797004846271870848e+00 7.539741274452909092e-01 1.832098261915959814e-01 7.991906275685992433e+00
1.240341525420988411e+00 2.983594582728574807e-01 1.134854687725295408e+00 1.038333586985747203e+01
1.818621525102510406e+00 5.615135750484459010e-01 1.915366568381231982e+00 1.371740949168916579e+01
7.223054593665676482e-01 3.042840738089116481e-01 6.251949301974095707e-01 6.653948407487370709e+00
9.048777229822970725e-01 8.834230882618381298e-01 9.675557404787649141e-02 3.565052854171241847e+00
1.977113515968976554e+00 2.480172730258667357e-02 9.636498416644578846e-01 1.131303504958623840e+01
1.762932628862703410e-01 9.761144351964261556e-01 2.745647371704640349e-01 7.060973496653561998e-01
4.526450526086229775e-01 2.627080970539907856e-01 8.413229457026976110e-01 6.708519856878166543e+00
5.016146291489635978e-01 7.938071893552709479e-01 1.100914557797112669e+00 5.942812178559168323e+00
1.032974791094429134e+00 1.480883162508719542e+00 6.725844153522055890e-01 5.430839635705378754e+00
5.018968802312711031e-01 3.315186249500181592e-01 1.900203670079043006e+00 1.233202754711454041e+01
1.827499248040442836e-01 1.372272281999301402e+00 8.101474207452956655e-01 4.250660763006944620e+00
3.281917644888197039e-01 1.053960186110107333e+00 4.506273476675055623e-01 3.302555080707383794e+00
1.352580344942282187e+00 4.634248282109849626e-01 1.105534659396713471e+00 1.058846929904855827e+01
1.421974934121675638e+00 6.683797508823274836e-01 5.199691924978351310e-01 6.383505532236561919e+00
3.525401537221268811e-01 1.947180158499517422e+00 1.774186175554363532e+00 7.206808056312411281e+00
1.203229813462120212e+00 7.465923878478752940e-01 6.902682320485080680e-01 7.425080351248160682e+00
1.437451664277949126e+00 1.366129991560186996e+00 9.898226180249087847e-01 1.151960678984901065e+01
1.758212369963375377e+00 9.686507884753936537e-01 1.719164070610714301e+00 1.294751920104693710e+01
5.411302289873773930e-01 1.441270976011750138e+00 6.461786185441478203e-01 3.844117404240408487e+00
1.408936304898771530e+00 1.778993299044503873e+00 1.742812024013302041e+00 9.677839304212975335e+00
7.073271843830388761e-01 7.461981057614399671e-01 1.239680078786765893e+00 7.532746441524498238e+00
8.957884120308829967e-01 1.600420004517976391e+00 2.918000094578359072e-01 5.348893664160200956e+00
1.773052025280512645e-01 1.629546242858875615e+00 1.269287933884162722e+00 5.677005152924825104e+00
1.731037555120139126e+00 2.445565042701320912e-01 1.904901063576785347e+00 1.449548160404026298e+01
4.398679533549429976e-01 3.517566341583857614e-01 9.758329162077288288e-01 5.706549015059791508e+00
1.732439847593419069e+00 2.888330344241538672e-01 9.872123501371288246e-01 1.126608161590097446e+01
9.512693143847656962e-01 2.636241009839606075e-01 1.869117147252544298e+00 1.316951198303312687e+01
1.461812482101604971e+00 1.266312693404427758e+00 5.815724870146443681e-01 7.035860337595102543e+00
1.626158203289042703e+00 2.581813510567343428e-02 1.572192814011741158e+00 1.298342907379742961e+01
6.376490525119082875e-01 8.025007089754807588e-01 2.572743683052638453e-01 3.926847929951480687e+00
9.343436685473873737e-01 1.223387398442070673e-01 1.191090116688419798e+00 9.897446783235245960e+00
1.399794888832035511e+00 1.029019647035249729e-01 1.790323609754082668e+00 1.253067340240943217e+01
2.547789602377430462e-01 1.497014097595716464e+00 1.576745566028856516e+00 5.369838307709583702e+00
5.099585345614272569e-01 3.133702638508515381e-01 1.713917688475521173e+00 1.017257889166035234e+01
1.954717946751024726e+00 1.261540562079325634e+00 7.019371226846180534e-01 9.809536156825483744e+00
1.077988171927636518e+00 7.385535407878971448e-01 7.247941152007697507e-01 7.410489969870511118e+00
1.156515984937757757e+00 6.069154710328299451e-01 1.971240512414231372e+00 1.181786193683905495e+01
2.718993422609023991e-01 2.259912076124350744e-01 1.940588200629399296e+00 1.038518026649547288e+01
2.911916359606940841e-01 1.601369508338547076e+00 1.327063477891262666e+00 6.218167054301602548e+00
8.214115727746917894e-01 8.978239257131341855e-01 7.422106150377054679e-01 6.134480681794471479e+00
1.309401222610955262e+00 6.688522782640360376e-02 1.459205000538611685e+00 1.217805762645274115e+01
5.274166377385469673e-02 1.774984810886617304e-01 1.894133693914337169e-01 2.944439372460692095e+00
1.934428974986612815e+00 1.363234318825612190e+00 1.603326237057268955e+00 1.430085559718439825e+01
6.126372387686245258e-01 1.628108990564612446e+00 9.453797757401996016e-01 5.955494537163890101e+00
6.574502409309701534e-01 1.801127341059543197e+00 1.521865645424415714e+00 7.471280548170907032e+00
1.591441437107105727e+00 6.330926930345688319e-01 1.175251458103448776e+00 1.088366454013178597e+01
1.093058875549137499e+00 3.656629509795603639e-01 4.684473892010476703e-02 6.401505597492838540e+00
3.832370380624940953e-01 7.329232460213932487e-01 1.919618368769125061e+00 1.028262760615457161e+01
1.570418128006539016e+00 1.351450223081259949e+00 1.889989387590735204e+00 1.462253969302483902e+01
1.095917487947057456e+00 9.652672806188347110e-01 1.911255199940163907e+00 1.288295801167960164e+01
3.036228341592785984e-01 1.197241052633998937e+00 9.257713800685725136e-01 5.688603892681295626e+00
8.629870679029716385e-01 1.699123284394608469e+00 1.463277987663331947e+00 9.675013300374548209e+00
9.399472550158542994e-01 8.572622933718965221e-02 1.387259241118708575e+00 9.750599904069536805e+00
3.487492328793535545e-01 1.791521247441909992e+00 5.980568029509814032e-01 3.911433260003478019e+00
1.049640746987068329e-01 1.580817689899359779e+00 1.715182735559690697e+00 5.409325271066690810e+00
1.751757421795739900e+00 4.038094281101567429e-01 1.077297029615689850e+00 1.185835764501676515e+01
1.795426980890852953e+00 1.916407692966327847e+00 1.964940038333702343e-01 7.639047836649602630e+00
1.590941591473321814e+00 1.814175091466549983e-01 1.513297151567249976e-02 7.069635204539912898e+00
1.535936661411918536e+00 3.891870864545237119e-01 1.101397437326510964e+00 1.176287224792817199e+01
2.522169099172681950e-01 6.169485137880412751e-01 1.647069582187272951e+00 9.556089506407122514e+00
1.536600773509767537e+00 2.340888203896840380e-01 1.362047205669722372e+00 1.169226185831121256e+01
1.400793924598759510e+00 8.052062250463003501e-01 1.226933786116731762e+00 1.003240249309096832e+01
